day	posts	likes	reactions	comments	shares
2016-05-30	1	14	16	1	9
2016-05-31	0	0	0	0	0
2016-06-01	0	0	0	0	0
2016-06-02	1	9	9	0	7
2016-06-03	0	0	0	0	0
2016-06-04	0	0	0	0	0
2016-06-05	0	0	0	0	0
2016-06-06	0	0	0	0	0
2016-06-07	0	0	0	0	0
2016-06-08	0	0	0	0	0
2016-06-09	0	0	0	0	0
2016-06-10	0	0	0	0	0
2016-06-11	0	0	0	0	0
2016-06-12	0	0	0	0	0
2016-06-13	0	0	0	0	0
2016-06-14	0	0	0	0	0
2016-06-15	0	0	0	0	0
2016-06-16	1	8	8	0	7
2016-06-17	0	0	0	0	0
2016-06-18	0	0	0	0	0
2016-06-19	0	0	0	0	0
2016-06-20	0	0	0	0	0
2016-06-21	0	0	0	0	0
2016-06-22	1	15	15	0	5
2016-06-23	0	0	0	0	0
2016-06-24	1	7	7	0	4
2016-06-25	0	0	0	0	0
2016-06-26	0	0	0	0	0
2016-06-27	0	0	0	0	0
2016-06-28	0	0	0	0	0
2016-06-29	0	0	0	0	0
2016-06-30	0	0	0	0	0
2016-07-01	1	10	11	1	12
2016-07-02	0	0	0	0	0
2016-07-03	0	0	0	0	0
2016-07-04	1	6	6	0	6
2016-07-05	0	0	0	0	0
2016-07-06	2	18	18	1	8
2016-07-07	0	0	0	0	0
2016-07-08	0	0	0	0	0
2016-07-09	0	0	0	0	0
2016-07-10	0	0	0	0	0
2016-07-11	0	0	0	0	0
2016-07-12	0	0	0	0	0
2016-07-13	2	28	28	3	15
2016-07-14	0	0	0	0	0
2016-07-15	0	0	0	0	0
2016-07-16	1	14	15	0	4
2016-07-17	0	0	0	0	0
2016-07-18	0	0	0	0	0
2016-07-19	0	0	0	0	0
2016-07-20	0	0	0	0	0
2016-07-21	0	0	0	0	0
2016-07-22	0	0	0	0	0
2016-07-23	0	0	0	0	0
2016-07-24	0	0	0	0	0
2016-07-25	0	0	0	0	0
2016-07-26	2	17	18	1	10
2016-07-27	0	0	0	0	0
2016-07-28	0	0	0	0	0
2016-07-29	0	0	0	0	0
2016-07-30	0	0	0	0	0
2016-07-31	0	0	0	0	0
2016-08-01	0	0	0	0	0
2016-08-02	0	0	0	0	0
2016-08-03	0	0	0	0	0
2016-08-04	0	0	0	0	0
2016-08-05	0	0	0	0	0
2016-08-06	0	0	0	0	0
2016-08-07	0	0	0	0	0
2016-08-08	3	29	29	0	10
2016-08-09	1	15	15	1	6
2016-08-10	0	0	0	0	0
2016-08-11	0	0	0	0	0
2016-08-12	0	0	0	0	0
2016-08-13	0	0	0	0	0
2016-08-14	0	0	0	0	0
2016-08-15	0	0	0	0	0
2016-08-16	1	21	21	5	15
2016-08-17	0	0	0	0	0
2016-08-18	0	0	0	0	0
2016-08-19	1	5	5	3	3
2016-08-20	1	19	19	4	4
2016-08-21	0	0	0	0	0
2016-08-22	0	0	0	0	0
2016-08-23	0	0	0	0	0
2016-08-24	0	0	0	0	0
2016-08-25	0	0	0	0	0
2016-08-26	0	0	0	0	0
2016-08-27	0	0	0	0	0
2016-08-28	0	0	0	0	0
2016-08-29	0	0	0	0	0
2016-08-30	0	0	0	0	0
2016-08-31	0	0	0	0	0
2016-09-01	0	0	0	0	0
2016-09-02	1	11	11	6	2
2016-09-03	0	0	0	0	0
2016-09-04	1	9	9	5	5
2016-09-05	0	0	0	0	0
2016-09-06	0	0	0	0	0
2016-09-07	0	0	0	0	0
2016-09-08	0	0	0	0	0
2016-09-09	0	0	0	0	0
2016-09-10	2	21	21	2	15
2016-09-11	0	0	0	0	0
2016-09-12	0	0	0	0	0
2016-09-13	0	0	0	0	0
2016-09-14	0	0	0	0	0
2016-09-15	0	0	0	0	0
2016-09-16	0	0	0	0	0
2016-09-17	0	0	0	0	0
2016-09-18	0	0	0	0	0
2016-09-19	0	0	0	0	0
2016-09-20	0	0	0	0	0
2016-09-21	0	0	0	0	0
2016-09-22	0	0	0	0	0
2016-09-23	0	0	0	0	0
2016-09-24	0	0	0	0	0
2016-09-25	0	0	0	0	0
2016-09-26	1	16	16	2	2
2016-09-27	0	0	0	0	0
2016-09-28	0	0	0	0	0
2016-09-29	0	0	0	0	0
2016-09-30	0	0	0	0	0
2016-10-01	0	0	0	0	0
2016-10-02	1	4	4	0	3
2016-10-03	0	0	0	0	0
2016-10-04	0	0	0	0	0
2016-10-05	0	0	0	0	0
2016-10-06	1	8	8	2	4
2016-10-07	0	0	0	0	0
2016-10-08	0	0	0	0	0
2016-10-09	1	12	12	2	7
2016-10-10	0	0	0	0	0
2016-10-11	0	0	0	0	0
2016-10-12	0	0	0	0	0
2016-10-13	0	0	0	0	0
2016-10-14	0	0	0	0	0
2016-10-15	0	0	0	0	0
2016-10-16	0	0	0	0	0
2016-10-17	0	0	0	0	0
2016-10-18	0	0	0	0	0
2016-10-19	0	0	0	0	0
2016-10-20	4	12	12	1	6
2016-10-21	1	6	6	1	11
2016-10-22	0	0	0	0	0
2016-10-23	1	5	5	0	1
2016-10-24	1	0	0	1	1
2016-10-25	0	0	0	0	0
2016-10-26	0	0	0	0	0
2016-10-27	1	7	7	3	4
2016-10-28	0	0	0	0	0
2016-10-29	0	0	0	0	0
2016-10-30	0	0	0	0	0
2016-10-31	0	0	0	0	0
2016-11-01	2	26	31	5	15
2016-11-02	0	0	0	0	0
2016-11-03	0	0	0	0	0
2016-11-04	0	0	0	0	0
2016-11-05	0	0	0	0	0
2016-11-06	0	0	0	0	0
2016-11-07	0	0	0	0	0
2016-11-08	2	8	8	1	14
2016-11-09	0	0	0	0	0
2016-11-10	1	2	2	0	4
2016-11-11	0	0	0	0	0
2016-11-12	0	0	0	0	0
2016-11-13	0	0	0	0	0
2016-11-14	0	0	0	0	0
2016-11-15	0	0	0	0	0
2016-11-16	3	15	15	2	10
2016-11-17	5	18	18	0	7
